Calcination temperature (째C)	Calcination time
(h)	Calcination heating rate (째C/min)	Add amount of N (wt. %)	Add amount of Cu (wt. %)	Pyrolysis temperature (째C)	Pyrolysis time
(h)	Pyrolysis heating rate (째C/min)	k (min-1)
1	100	3	0.8	13	2	240	0.5	1	0.028 
2	100	4.5	0.2	12	1.5	260	2.5	0.7	0.025 
3	120	4.5	0.5	12	3.5	160	3.5	1	0.045 
4	120	3	1	5	2	600	6	0.5	0.038 
5	140	1.5	1	7	2	760	3.5	0.2	0.041 
6	140	3	0.3	13	1	580	2.5	1	0.023 
7	160	3	0.7	19	3.5	380	6	0.2	0.054 
8	160	1.5	0.4	5	3.5	560	2	0.6	0.052 
9	180	3	1	15	4	760	4.5	0.1	0.048 
10	180	0	0.1	5	6	180	1.5	1	0.045 
11	200	4.5	0.8	15	5.5	160	1.5	0.3	0.038
12	200	0	0.8	20	1.5	760	3	0.5	0.034 
13	220	0	0.9	7	1	580	0	0.6	0.023 
14	220	0	0.6	20	2	160	0	0.1	0.019 
15	240	1.5	0.2	5	3	480	0.5	0.5	0.030 
16	240	1.5	0.2	10	2.5	760	3.5	0.5	0.026 
17	260	3	1	9	1	580	2	1	0.026 
18	260	3	0.1	11	3	400	1.5	0.7	0.059 
19	280	1.5	0.7	5	4.5	640	1.5	1	0.061 
20	280	3	0.9	13	1.5	640	6	0.2	0.022 
21	300	0	0.7	20	3.5	200	1.5	0.6	0.032 
22	300	4.5	0.9	16	3.5	660	0	0.7	0.068 
23	300	3	0.5	20	4	800	0	0.8	0.058 
24	300	1.5	0.2	9	1.5	180	0	0.7	0.025 
25	320	1.5	0.7	20	3.5	460	0	0.7	0.081 
26	340	3	0.5	11	1.5	420	1.5	1	0.052 
27	340	3	0.7	12	4.5	400	2	0.7	0.080 
28	360	1.5	0.5	5	2.5	640	3	0.7	0.049 
29	360	1.5	0.1	13	3.5	780	3	1	0.063 
30	380	4.5	0.7	20	3.5	580	0.5	1	0.077 
31	400	1.5	0.7	6	3.5	200	2.5	0.3	0.030 
32	400	3	0.8	16	4	180	4.5	1	0.051 
33	400	6	0.2	5	3.5	580	6	0.5	0.058 
34	400	3	0.5	13	2.5	620	1.5	0.2	0.053 
35	420	3	1	20	0.5 180	6	0.5	0.009
36	420	0	1	13	1	780	0	1	0.017 
37	440	0	0.3	17	3.5	620	1	0.7	0.054 
38	440	1.5	0.7	5	1.5	760	1.5	0.6	0.012 
39	480	3	0.4	15	4	200	2	1	0.060 
40	500	1.5	1	5	3	500	3.5	0.1	0.064 
41	500	1.5	0.1	12	3.5	340	3.5	0.4	0.074 
42	500	4.5	0.8	20	3.5	580	1	0.7	0.077 
43	500	1.5	0.8	5	2.5	240	3	0.4	0.040 
44	500	3	0.9	12	4.5	380	4.5	0.9	0.074 
45	540	2	0.9	13	5.5	320	3	0.5	0.065 
46	540	4	0.2	16	1	500	1	0.5	0.025 
47	560	3	0.2	20	0.5 280	3	0.7	0.008
48	560	0	1	12	1	400	0	0.5	0.025 
49	580	1.5	0.1	13	5.5	460	0	0.3	0.089 
50	580	4.5	0.7	20	4	740	0.5	1	0.078 
51	580	1.5	0.9	20	3.5	780	5	0.3	0.079 
52	600	3	0.7	17	3	800	2.5	0.3	0.058 
53	600	3	0.9	20	2	220	1	1	0.070 
54	600	4	0.5	20	1	160	2	0.2	0.049 
55	600	3.5	0.2	12	1.5	400	0.5	0.4	0.043 
56	600	3	0.7	20	2.5	180	2.5	0.8	0.073 
57	620	1.5	0.5	9	1.5	760	4	0.3	0.041 
58	620	4	0.2	14	5.5	500	2	0.4	0.088 
59	640	3	0.5	5	2	440	1.5	0.5	0.081 
60	640	4	0.1	20	4.5	160	0.5	0.4	0.071 
61	660	3	0.7	18	4	240	3.5	0.4	0.062 
62	660	0	0.7	12	1	380	3	0.6	0.021 
63	680	3.5	0.8	18	4.5	740	2	1	0.064 
64	680	0	0.2	8	0.5 420	0	0.4	0.007 
65	680	0	0.5	5	3	800	0.5	0.2	0.009 
66	700	1.5	1	14	0.5 200	1.5	1	0.006
67	700	3	1	6	1.5	420	0	0.5	0.047 
68	700	1.5	0.3	9	2	160	0	0.2	0.038 
69	700	3	0.7	5	2.5	440	1.5	0.4	0.056 
70	720	6	0.4	20	4.5	180	1	0.2	0.056 
71	720	3	1	12	6	360	2.5	0.7	0.088 
72	740	1.5	0.1	13	4	460	3	0.2	0.079 
73	740	4.5	0.8	5	2.5	340	3.5	0.6	0.063 
74	740	1.5	0.8	20	1.5	160	2.5	1	0.054 
75	760	0	0.9	17	3	240	3.5	1	0.074 
76	760	1.5	0.6	20	3.5	260	6	0.7	0.070 
77	760	3	0.2	20	4	160	3.5	0.7	0.057 
78	780	0	0.2	8	4	600	6	0.2	0.080 
79	780	3	1	15	1.5	760	2.5	0.7	0.062 
80	780	3	0.1	18	5.5	580	1	0.2	0.078 
81	800	6	0.7	19	3.5	380	2	0.8	0.074 
82	800	5	0.9	5	3.5	560	2	1	0.057 
83	800	3	0.7	17	0.5	760	0.5	0.5	0.012 
84	800	6	0.9	16	0.5	180	2	1	0.034 
85	800	4.5	0.5	20	3	160	2.5	0.6	0.053 

