460	2.5	1	5	3	760	2.5	0.3	0.032955179
480	2	0.9	5	4	800	2	0.7	0.041824147
220	3.5	0.9	10	3.5	520	0.5	0.7	0.053248497
700	1	1	6	2	700	3	0.3	0.026586769
260	4	1	18	3.5	700	0.5	0.6	0.067743017
380	2	0.8	5	2.5	660	2	0.5	0.027918068
700	3	1	6	2.5	700	3.5	0.6	0.034772992
400	2	0.8	5	3	700	2	0.5	0.030502261
620	6	0.2	20	4.5	720	2	1	0.057494147
240	4	0.4	6	3.5	400	2	1	0.03926744
280	1.5	0.6	7	3.5	620	2	0.8	0.041895308
440	1.5	0.8	5	4.5	780	2.5	0.6	0.040712124
280	3	1	16	3.5	680	1	0.6	0.064330806
720	2.5	0.2	16	6	560	0.5	0.1	0.065053845
700	6	0.6	20	6	800	3	1	0.076230805
720	2.5	0.3	15	6	540	0.5	0.1	0.058392189
300	3	0.8	18	4	740	1	0.7	0.066726219
280	3	0.5	16	4.5	680	1.5	0.4	0.069318551
700	2.5	0.2	16	6	540	1	0.1	0.06500956
600	2	0.4	7	4.5	800	3.5	0.3	0.050783077
540	5.5	0.6	17	4.5	620	2	0.8	0.054126244
440	2.5	0.9	5	3	700	2.5	0.3	0.031529416
260	3	1	14	3.5	620	1	0.4	0.057814121
580	5.5	0.7	20	4	680	1.5	1	0.054248835
720	3	0.2	16	6	560	1.5	0.1	0.070590107
380	3	0.2	20	6	800	2	0.7	0.098386453
800	3.5	1	19	6	800	4	0.6	0.076841454
800	6	0.8	7	4	780	4	0.9	0.074830239
720	4.5	0.9	18	6	780	3.5	0.4	0.068202466
250	1	0.2	5	6	280	1.5	1	0.059752728
560	2	0.7	6	4.5	800	3	0.5	0.048134447
500	3	0.8	5	2	640	2.5	0.6	0.025847583
280	3	1	13	3	620	1.5	0.3	0.052198389
600	2	0.2	9	1.5	800	4	0.1	0.027159028
560	1.5	0.8	6	4.5	780	2.5	0.5	0.04730972
600	3	0.2	14	6	480	1.5	0.1	0.056025804
600	2.5	0.3	7	4.5	800	3.5	0.3	0.049899828
440	2	0.8	5	3	700	3	0.4	0.033444642
250	2.5	0.8	13	3.5	630	0.5	0.6	0.058316491
220	3.5	0.8	11	3.5	540	0	0.8	0.052222495
720	3	0.2	15	6	550	1.5	0.1	0.064195177
760	3.5	0.3	15	6	600	2	0.2	0.075566087
300	3.5	0.8	19	4.5	720	1	0.4	0.078237676
220	4	0.9	17	4	600	0.5	0.6	0.068126332
740	2	0.2	17	6	600	0.5	0.2	0.060235594
500	1.5	0.9	5	4.5	800	2	0.7	0.046932949
800	5	0.4	20	5	760	1.5	0.5	0.056958388
800	1	0.4	19	6	680	2	0.3	0.061704574
620	4	1	16	5.5	700	2.5	0.5	0.058868367
550	5.5	0.4	19	4	640	1.5	0.9	0.053427747
680	1.5	0.9	8	3	660	2.5	0.2	0.030585702
460	2.5	0.8	5	3	760	3	0.5	0.033918407
800	2	0.4	17	6	560	5.5	0.4	0.115891603
800	4.5	1	7	4	700	3	0.5	0.061347387
440	1.5	0.7	5	4	800	2	0.7	0.040413156
220	4	0.3	5	3	400	2.5	1	0.033632924
520	2	1	6	3.5	800	2.5	0.5	0.04311404
680	3	0.6	20	6	800	4	0.1	0.06935871
440	2.5	0.9	5	3	700	2.5	0.4	0.030880831
800	3	0.2	19	6	680	1	0.2	0.083006334
400	1.5	0.8	5	3.5	700	1.5	0.6	0.033377194
560	1.5	1	12	3.5	700	3	0.1	0.037167966
520	5.5	0.6	16	4.5	590	2	0.7	0.051217687
220	3	1	10	3	540	0.5	0.6	0.048676454
280	1	0.3	5	6	280	2	1	0.066098055
460	1.5	0.9	5	4	800	2	0.6	0.039600515
560	5.5	0.9	20	4	680	1.5	1	0.052880186
580	5	1	17	5.5	680	2.5	0.7	0.058538839
800	5	1	6	3	590	2.5	0.5	0.051068979
460	1.5	0.2	20	1	660	2	0.4	0.027680343
440	2	0.9	5	3.5	740	2.5	0.4	0.034298263
580	5.5	0.7	17	5	640	2.5	0.6	0.057670468
380	2	0.8	5	2.5	640	2	0.3	0.027610021
720	3	0.2	15	6	570	2	0.1	0.073673433
600	6	0.5	19	4.5	680	2	1	0.055420611
800	5	1	5	3	580	3	0.6	0.049385365
800	4.5	1	7	4.5	700	4	0.6	0.066613698
620	5.5	0.7	20	4.5	780	2.5	0.8	0.061510354
570	1.5	0.8	7	2	700	3.5	0.1	0.024528501
800	4.5	1	7	4	700	3	0.6	0.060221324
450	1.5	1	5	3.5	700	1.5	0.7	0.038121578
800	5	0.8	20	6	800	4	0.6	0.087352716
800	5	0.9	7	3	630	3	0.6	0.054991062
400	1.5	0.9	5	3	700	1	0.7	0.033453777
240	3	0.8	13	3	620	0.5	0.7	0.053320647
600	1.5	1	14	4	780	3	0.1	0.0446829
520	2	0.9	5	4	800	2.5	0.5	0.046150624
660	3.5	0.7	20	5.5	800	3	0.1	0.065641449
360	1.5	0.5	5	3.5	660	2	0.7	0.032310337
230	3.5	0.9	12	3.5	570	0	0.7	0.054354169
560	2	1	6	4.5	720	3	0.4	0.047156094
700	2.5	0.7	6	2.5	680	3.5	0.5	0.033398554
580	5	0.8	18	5	680	2	0.9	0.05984774
700	5	0.9	20	3.5	780	1.5	1	0.049827231
300	3	0.9	17	4.5	720	1.5	0.5	0.074500424
240	3	1	12	3	570	1	0.4	0.049495095
220	3.5	1	13	3.5	560	0	0.6	0.055787174
360	2.5	0.7	5	2	600	2.5	0.3	0.0235626
720	3	0.2	15	6	570	2	0.1	0.069802942
720	2.5	0.9	11	4	720	3.5	0.2	0.041409496
360	2.5	0.6	5	2.5	600	2.5	0.5	0.026035822
220	3.5	1	10	3	500	0	0.6	0.049050829
720	4.5	0.5	20	7	800	3	0.9	0.077907655
480	2	0.9	5	3.5	800	2	0.6	0.040026109
600	1.5	0.7	5	0.5	590	2.5	0.4	0.023862899
660	5.5	0.4	20	5.5	760	2	1	0.066378781
660	1	0.8	6	0.5	680	2.5	0.4	0.025144153
300	0.5	0.6	5	6	300	1.5	1	0.062514429
740	4.5	1	18	7	800	3.5	0.6	0.071825265
220	3.5	1	11	3	530	0.5	0.6	0.05114725
240	4	0.8	15	3	580	0.5	0.5	0.057821784
480	1.5	0.9	5	4	800	2	0.6	0.044446424
220	3	0.8	10	3	540	0	0.8	0.047111649
680	3	0.2	15	6	520	1.5	0.1	0.062876865
800	3	1	13	5	800	4	0.2	0.052790172
800	6	0.4	20	6	600	3	1	0.08267656
260	3	0.9	15	3.5	650	0.5	0.6	0.058190484
700	1.5	0.8	19	6	800	3.5	0.1	0.062914307
360	2.5	0.8	5	2.5	640	2	0.4	0.029329847
300	3	0.5	18	5	700	1.5	0.4	0.077691313
700	6	1	20	5.5	760	3	0.8	0.067880194
340	3.5	0.6	20	5.5	800	1.5	0.5	0.093258963
800	2.5	0.4	20	6	700	0.5	0.3	0.074210895
700	3	0.2	15	6	540	1.5	0.1	0.067564037
220	4	0.9	13	4	560	0.5	0.6	0.062300861
680	2.5	0.2	15	6	520	1	0.1	0.064630881
340	2	0.5	5	3	620	2	0.6	0.028872289
340	1.5	0.6	5	3	620	2	0.5	0.028123698
280	3	0.8	17	4	720	1	0.7	0.066691671
760	3	0.8	15	5.5	760	3.5	0.1	0.055208613
300	1	0.3	7	6	300	2	1	0.057195156
800	4.5	1	20	6	800	4	0.7	0.087136466
400	2	0.5	5	3.5	720	2.5	0.6	0.036557896
800	5	0.9	5	2.5	580	2.5	0.6	0.047444271
600	4.5	0.8	18	5.5	700	2.5	0.8	0.059527382
420	2.5	0.4	18	1	580	2	0.5	0.025236182
600	3	0.1	14	6	480	1.5	0.1	0.054507857
800	4.5	0.8	6	3.5	650	3	0.6	0.055510488
380	3.5	0.9	20	6	800	2	0.7	0.103668605
240	3.5	1	12	2.5	560	1	0.5	0.04952801
700	4	0.7	20	5.5	800	3	0.3	0.070852569
760	5	1	20	6	800	3.5	0.7	0.080076175
800	4.5	1	5	2.5	550	2.5	0.5	0.046658573
800	1	0.5	20	7	800	5	0.1	0.074876106
240	4	1	15	3	600	1	0.5	0.059944494
460	2.5	0.9	5	3	700	3	0.3	0.03270833
380	2	0.8	5	2.5	650	2	0.3	0.027371874
240	4	0.9	16	4	600	0.5	0.6	0.066777112
460	2.5	0.9	5	2	580	2	0.6	0.024329352
740	3	0.2	17	6	600	1.5	0.1	0.076428921
600	5.5	0.6	19	5	700	2.5	0.9	0.062275242
580	5.5	0.7	19	4.5	680	1.5	1	0.056632677
380	3	0.7	20	6	800	2	0.7	0.10115361
260	3	1	13	3	600	0.5	0.6	0.053863651
300	3	0.8	19	5	740	1	0.6	0.078389238
700	3	0.2	15	6	570	2	0.1	0.067730214
300	3	1	20	4.5	780	1	0.6	0.079996431
460	2	1	5	3.5	760	2.5	0.3	0.035679696
800	3.5	0.3	16	6	620	1.5	0.2	0.079593229
700	4.5	0.4	18	4	660	1.5	0.3	0.045099021
460	2	1	5	3	700	2	0.3	0.034290687
230	5	0.2	8	2.5	400	4	0.7	0.033239298
260	3.5	0.8	17	3.5	660	0.5	0.6	0.065670524
280	3	0.9	19	4	740	0.5	0.6	0.072509205
700	3.5	1	15	5.5	760	3	0.4	0.05849793
800	6	0.9	20	6	800	3.5	0.6	0.088399488
600	6	0.8	20	4.5	700	2	1	0.059205517
600	1.5	0.8	8	2	760	3.5	0.1	0.025961634
380	3.5	0.9	20	6	800	1.5	0.7	0.104879267
500	2.5	0.6	5	2	500	1.5	0.6	0.020937971
380	3.5	0.3	20	6	800	2	0.6	0.102209735
720	5	0.9	19	6	780	3.5	0.5	0.072935006
300	1.5	0.6	8	3.5	660	2.5	0.8	0.041277987
300	3	0.9	18	4	740	0.5	0.6	0.068612901
800	5.5	0.7	5	3	610	2.5	0.6	0.052566299
580	1.5	0.7	6	2.5	580	2	0.3	0.024603554
460	1.5	0.9	5	4	800	1.5	0.7	0.042201676
480	2	0.9	5	4.5	800	2.5	0.6	0.045103938
800	2.5	0.3	19	6	680	0.5	0.2	0.082185366
540	2	0.6	5	2	520	2	0.5	0.023101504
740	6	0.9	20	6	800	3.5	0.6	0.077947344
280	3.5	0.8	16	3.5	680	1	0.7	0.060264399
530	2.5	0.8	6	3.5	800	3.5	0.3	0.04152163
560	5.5	0.6	19	4.5	640	2	0.8	0.055952284
440	2	0.8	5	3.5	750	2.5	0.5	0.036495933
280	4	0.8	20	4.5	700	1	0.5	0.079822454
240	3.5	1	13	3.5	590	0.5	0.6	0.055361058
220	3	1	10	3	530	0	0.6	0.046188029
620	3.5	0.7	20	4.5	800	2	0.3	0.059553517
800	4.5	0.9	5	2.5	570	2.5	0.5	0.045180358
260	3	0.7	15	3	640	0.5	0.5	0.059119692
680	3	0.3	14	6	520	1.5	0	0.061789539
220	3.5	1	14	3.5	580	0	0.6	0.061932137
280	2	0.4	7	2.5	600	2	0.9	0.033284409
800	3	0.3	18	6	630	0.5	0.1	0.075870775
220	4	1	12	3.5	540	0.5	0.6	0.057894289
760	2.5	0.2	17	6	590	0.5	0.1	0.062310747
280	4	0.9	19	4	680	0.5	0.5	0.071972912
240	3.5	1	13	2.5	580	1.5	0.4	0.050773678
230	3	0.9	11	3	560	0.5	0.7	0.04722327
480	2	0.9	5	4	800	2.5	0.4	0.038742546
680	3	0.2	15	6	530	1.5	0	0.064825467
650	1.5	0.2	6	2.5	760	2.5	0.6	0.03038954
800	6	0.8	20	6	800	3.5	0.7	0.090085893
300	4	0.5	20	3.5	720	0	0.6	0.074451262
260	4.5	0.1	11	2	400	2	0.6	0.028028502
260	3	0.9	14	3	640	0.5	0.7	0.056563857
660	2.5	0.2	15	6	520	1.5	0	0.062574097
220	3.5	0.9	11	3	540	0.5	0.7	0.050965548
240	4	0.5	16	3.5	620	0	0.6	0.067152914
380	2	0.7	5	3	660	1.5	0.6	0.030312704
740	3	0.4	15	6	560	1	0.1	0.061039541
760	1	0.8	18	6	800	4	0.1	0.061441219
500	2	0.7	6	1.5	640	3	0.1	0.021087619
660	5.5	0.8	20	5.5	760	2	1	0.069137783
740	4	0.9	5	3	530	2	0.4	0.044865365
240	3	0.8	13	3.5	580	0.5	0.5	0.054267628
620	1.5	0.8	17	5	800	3.5	0.1	0.05353782
760	3	0.3	15	6	600	2	0.1	0.075393944
250	3.5	0.6	13	3	600	1	0.5	0.054998965
480	2	0.9	5	3.5	800	3	0.4	0.038009045
620	3	0.1	14	6.5	500	2	0	0.060909855
700	6	1	20	6.5	800	3	0.8	0.076378607
250	3.5	0.4	16	3.5	640	0.5	0.5	0.066451608
280	4	0.9	19	4	700	0.5	0.6	0.074810798
210	4	0.7	10	2.5	480	1	0.7	0.044337098
300	3.5	0.6	19	3.5	760	1	0.7	0.069250356
580	1.5	0.8	16	5	780	3	0.1	0.050137513
240	3.5	0.6	15	3.5	600	0.5	0.5	0.061758247
700	3.5	0.1	17	6	560	2	0.1	0.068892636
650	1.5	0.7	18	5.5	800	3.5	0.2	0.057729643
500	2	0.9	6	4	800	3	0.4	0.04145583
260	3.5	0.7	15	4	620	0.5	0.5	0.064389006
620	6	0.8	20	4.5	700	2	1	0.058164086
540	5.5	0.7	18	4.5	640	2	0.8	0.055030149
560	1.5	0.8	6	2.5	560	1.5	0.4	0.02327885
680	3	0.2	14	6.5	500	1.5	0	0.062907235
600	1.5	0.7	5	2.5	580	2.5	0.4	0.024257256
620	2	0.2	14	5.5	480	1	0.1	0.051555479
600	5.5	0.7	20	4	680	2	0.9	0.054746482
280	3	0.7	15	4	660	1.5	0.4	0.064981517
600	5.5	0.5	21	4.5	720	1.5	1	0.057185126
380	3	0.6	5	2.5	620	2.5	0.5	0.027153721
600	5.5	0.6	19	5	680	2.5	0.9	0.060511644
800	3	0.3	19	6	700	1.5	0.2	0.092997431
760	2	0.9	11	4	760	3.5	0.1	0.04087351
620	1.5	1	12	3.5	800	4	0.1	0.038357999
240	3.5	0.7	15	3.5	600	0.5	0.5	0.061240093
300	3.5	1	20	4.5	790	0.5	0.6	0.082235474
340	3.5	0.6	20	5.5	800	1	0.6	0.100674182
300	3	0.4	17	4.5	720	1.5	0.5	0.074754535
600	3	0.7	7	1.5	800	5	0.1	0.028277636
220	3	1	9	3	520	0	0.7	0.046306548
800	3	0.3	17	6	660	2.5	0.2	0.086713989
200	1	0.5	5	6	400	2	1	0.064665142
600	3	0.1	14	6	470	1.5	0.1	0.055547339
600	5.5	0.7	20	4.5	690	1.5	1	0.056021254
420	1.5	0.9	5	3.5	730	1.5	0.6	0.035021199
640	5	0.8	19	6	750	3	0.8	0.067837513
800	3.5	0.7	18	6	680	2.5	0.4	0.063189163
300	1.5	0.6	5	6	300	2	1	0.070735291
600	1.5	0.8	13	4	760	2.5	0.2	0.043234028
380	2	0.8	5	2.5	640	2	0.5	0.027878061
600	5	0.7	17	5	680	2.5	0.7	0.059235486
600	5	0.7	18	5	700	2.5	0.7	0.060264325
680	3	0.2	15	6	530	2	0	0.066027435
640	1	0.9	14	4.5	800	3.5	0	0.047747544
640	2	0.2	15	5.5	500	1	0.1	0.050751521
800	3	0.3	17	6	640	2	0.1	0.085821988
540	2	1	6	4.5	800	2.5	0.6	0.048497617
720	1.5	0.2	16	6	580	0.5	0.2	0.053641057
380	2	0.7	5	3.5	700	2	0.6	0.033684347
300	3.5	0.5	18	4	700	1.5	0.4	0.071347327
500	2.5	0.6	5	2	500	1.5	0.6	0.021602663
720	4.5	0.5	20	7	800	3	0.9	0.077568493
240	2.5	1	10	3.5	560	0.5	0.5	0.049609914
280	3.5	0.7	18	4	680	1	0.4	0.071485547
410	2.5	0.8	5	2.5	680	2.5	0.4	0.028466582
700	3	0.2	15	6	560	1.5	0.1	0.070428304
540	5.5	0.7	18	4.5	640	2	0.9	0.055007447
680	3.5	1	15	5.5	740	3	0.4	0.057444206
700	3	0.2	16	6	560	2	0.1	0.072628982
280	3	0.7	14	4	660	1	0.4	0.06259137
600	5.5	0.4	20	5	740	2	1	0.063877753
560	5.5	0.4	20	4.5	680	2	1	0.056231131
540	2.5	0.8	6	3.5	800	3	0.2	0.04095371
200	3.5	0.9	11	3	500	0.5	0.6	0.052220466
420	2	0.9	5	3	700	2	0.4	0.031776551
400	1.5	0.9	5	3	740	1	0.7	0.035041195
800	3.5	1	20	6	800	4	0.7	0.089084684
240	1.5	1	7	3.5	560	1.5	0.6	0.041506557
600	5.5	0.7	20	4	700	2	1	0.055590014
520	5.5	0.8	18	4	600	1.5	0.9	0.049131295
480	2	0.9	5	4	800	2.5	0.4	0.041149688
650	5	0.9	17	5.5	720	3	0.4	0.061610267
740	3	0.3	15	6	580	2	0.1	0.073781741
300	3	0.5	17	5	720	1.5	0.5	0.0772633
640	3	0.1	15	6.5	500	1.5	0	0.059461158
540	5.5	0.8	19	4	640	1.5	1	0.051387428
380	1.5	0.9	5	3	700	1	0.7	0.031871862
740	3	0.2	17	6	580	1	0	0.068929625
760	3	0.3	15	6	560	2	0.1	0.076116048
400	1.5	0.8	5	3	700	1.5	0.6	0.03287144
560	1.5	0.8	5	2.5	560	2	0.4	0.022337574
300	3.5	0.4	18	4	700	1.5	0.4	0.071927682
680	1	0.8	12	4	800	3.5	0	0.041630257
340	4	0.8	20	6	800	1.5	0.5	0.102592982
700	3	0.1	16	6	560	2	0.1	0.06954055
560	5.5	0.8	20	4	680	1.5	1	0.052821728
800	5	0.8	6	4	700	3.5	0.6	0.061426444
300	1.5	0.8	5	6	300	2	1	0.087741929
800	2.5	0.2	18	6	640	0.5	0.2	0.071157165
600	1.5	0.8	10	3	780	3.5	0.1	0.033942321
200	3	0.9	7	3	480	0.5	0.7	0.039770901
680	2.5	0.2	15	6	520	1	0.1	0.059590007
